$ANSIBLE_VAULT;1.1;AES256
38373535313732313135643631613832353831336662333333653033656537356166666565373039
3133626433303364313064623237373963663164353666360a383536326163386336393565373561
39346261663462646663663339623162643961376664333638633862383764386235333236623165
6236643563343833330a303961323738346138306535386564616435396532643733306235386163
36323365643337653239643932353037366338366466643138366665663236306537366166363236
61386466323232643665346136643663313761366334363363316532373032666566343838366261
63643765303038373461343332663734356436633261353038373862386238393037663032313363
66636664373462626631373664313039343031663966356139376137623030373262323739366533
63333930316238666331613731303564613235323933376133346635376339616536343462626461
38326135663936363830393664353232316638643865666366393662636666323434383831636362
30653233333239666537643732373938316334303130316439346565313733366239643935323562
31376361643263613339373830663564663035613864656433353430343332393636656536633238
30376262323439663636346566633238626239626130613163633161326437316130653461333465
38366461383061373531376663623965313265663134656462323764373231643564366463303036
36616131653835373830613030383130353235396130356265303361613632663364396137303437
65323135656364343764656334356336626364616332646365636334333362306564363637356136
32616331393832393132306432616163383362366161666231643866353562336463366533363162
66386263373332336139353337626663316435336361613039626431636333303763346332333139
36343738653564636361653630393835333661303533356530343330313463333461666132343764
30376636633230336663316339656561613265663137616237656261333232383531393236633233
66346335386637346363623137343066653164346236386464663431643265323233323130626164
38663961333163343265653730363439633863616131623234336639316534386230623833616330
36343932366139363332366566363738663138623031333536326539353230326636383263613037
38366362336664626238636633636434633632346564336166303138653034373064656663316564
33383239386234343630613935633135383766333964623737313133306364346330346665643634
38353934373431376338363632316538613635343130653130373533666561323830643361363763
65383862656566343934616665343437356364343134633763643566656463333938346562303335
33663066623466313766656462383165363037343730376162336437333965396431656265373466
64323232373833373265633639316537343162343336656637396337323166663338636266383263
36323766383164656239306135353434333963326536346638343930333865326263353432356164
36623866323133393365373265313861323539373264326632643865613538383538623762613830
35656563316636393036383833656138383432303332363437356333303037653836383661373030
38393732363264633130316633623038633065343437616462363065356366376234623566626133
37363339383066373336323936656366373465666562623162353131616138656436386634333138
39656263356436343065313834343965363866363163393863633230303436383161633735653439
63653665623331393330316434666238366434396638623630643263633730356366303461306662
34333861633939663466343763616361666262396635303439306234616432353131346432376264
65383231656266306632366239666536356233383039626462393936353263363164363866643038
65343963316464386239623336633133653231353232333139656361306464643035373139313161
65336236633334393165343565393037646665663835653039386236306161666566316562653466
64313334623536646265366432643133376465623236396338353730333832306263636464333964
63656564303639333364393635383865323663376263386338343462653961386564336462393165
65616631643863343138656336393166653136383435633161383464316634326165643438613262
32383335653038323638373739366637366538663566373365373838303762363162623137353564
34363733353933336136373362316331303138313562636630323732646131353730633161313261
65393536393831613234313735353131333538333936656131663065333731336432393132323636
34623836646138333663306635646463313834623339336630666531323937623835343863663839
31306135333766616136386362663939303334393230643738326663376664333964363734613963
61373662313930613830306462333431356632353432636466666138353163316661366138313931
37303863303332356264376138383733356330346538343861653737646464336365306431306635
30616137336333633930663834303931363662346665666566653231636563356164636362386266
34643531663061346333663035366534333432653564366161353335383965663537633934396664
36616563633666616639376530646232373636336137316336313666633934643032653833376362
64373633396461633531336161316565626263386238363665653562336432363064363830616332
39613564353634366161633263313531373933396235643962656234643033383730386134666330
64623739353235636264653930336161663231333162373634316630636331623163653666316434
63386130366162366532626261383730386335666462636532636139303766396265346435666463
63336435306134666263663164383530646366653765646633663331303537326232396235646431
38653365343733356535656364373763666361303136653330363136636430376136366362613430
63393833323436316264313831393736303836353366383035383937663134633335333532343835
39626439353439393831346131393766356630373630626534633133306662653963373262383438
39623837636562333461393163343732383436613833653232643434373836396134353564303965
32363534313165623433316434376132393232663939613039333233626435393435643339653439
38353664353033626465353762396236353031353932353334383564376134373264396431666263
34663161393632396161376430613435643537333731343061643937343039373934653137373232
61633164306539316361326435326633323536653235616233373132636534306538373038623038
35333238306534316664366537363036666539393062666534346434393038326538343838623466
30373563636433613862383531663665646366383830393664323362376636656639623237366332
31323163353132303033396563316437643832326138353734363130633962643061326166656665
34396231326466336262386432626663323438336237346435613533316236646565363163636466
37376537343365303234353862396234376439343065346435663032396164323634643333633931
35616161306265313431326262666430653863376533663535386362363061336365326161643566
39323431626562636236623161383265616637656563373930323833663030353461323361363434
36613964383534303832333830383961333331343433393266376536656362623834303037653034
38376138616264616533336432356562636138356365303639653939356264336236646131666239
62356332386631333063376466656131383833323632333634333339323337313162343064623139
66643831393730346431333064333637386235336133653266633365353938396136613835396466
33643132376332623436353035616466303935666639646237666133616233663437313937643837
32363830613664663965613731366361383231336239333735623839323634663730323765623061
36623537363133663130323364346538626333333931623863333736616562633363336162643239
36343436326162366337373563356563353565346431353134303039613561666166346561663130
35373463393639346461666263323961363063333863306262393262633936303130366235306131
39303162383632616136393939666336356334333765316234393035366465316533383065643066
37656535303362333533333064636335316430633664306664343836326261626630663463346561
36386662346466333663643433353930636438376231383032343265623264333365646137313532
61343165663532343537646431613766636461393933656235393864633264323130373564323034
32383331333666623034303562373063373131323830656232313938373833633238393666666432
33306236396664323237653230386139333666303134313333626334336630333036336266383438
36373432376464366636363835666331646534363131313066333535323634306135303439383663
35306530653264646661653962343262616234323665653739633064643435623034383532613532
33383364376539383935653031363437393634383665343833343065666438303561333231616534
35393238653834613161353331626464623638363233323238333461336661336436383537646131
63616335636465386631313235666261303732653064656333646535333731306133623261313464
63383439353961393634393334353863643631616464356330346465643066323662613361363533
32353065323061623665353338623162326261643433663432663039363830313235626432646334
63666261313131343833343235616265383265326432353333326531613037373431613336323236
33373265666564343934346336663335626266386633373035336566656139356135646161383135
31333332626133313063386232646235656337623263316136356435386137353931643331663535
66626161343461376366353566356339376532373939663266643035366339313332623866663033
38363939326430633238656664626235373065373338343935626464373833313439303266616166
62386664613337613035626238396234383830643232653238326630656638316562663762353532
66663465313163666231636365646430353631643330343537346133396561303837303666663837
34316434383032313564343934643434376132623335663466346632396338623532653633363466
37343530656133363133316432393231623837373661656332323334336261636637393937643063
63346438623665663034646437303638653366656130613937376531373436626336306634656130
33656633643034393564613964313735663735613537616465323935336435623433313730613135
32633336613732613534383339653966333736313838636662346265613365663439613662303063
30366134356432643337613336316330346164343465353333646466303837363363396336376239
38623036393730306539636433653633366364353964303263396538303832623962346238646230
39643235613831646236306136393861653534623262663163356331326335373231383834316465
39306532373537363665316465306638343366303965636531353736353163646266663733663935
30616236333537643136393866346332663365336430396364656264623434633666633639373139
62333530326564363230303430653333383036353934323538653934336236303938376331613739
37333731646130623561613035376638376561383138323263626163333635643534356532633266
37363133663561343335353533623236613463633138653261356134663064623635623362313163
65353065623861346164326439393931323031383838333530636266343966386630316136336334
62343861313263343766393536623933643836376161373430653737313832313238643338643266
33376335333161353839383963386436303131663763353332346464646162636664656562653632
38653162343366343733303035343237353238303264323631306262336236396563656133623831
31623931363831636534353031323731323464396436643533333664666332623563616631356563
36623566643365616464613832363435666630326334356664343033666532336533616163346166
64613831616633353339373765376165393133613764376635656266316666616661333165316362
65646166386266383233653432323537313062626632633662653461303231323964616630623837
38343037326435353938393161613339306638396461616332373062346665363236613161666565
65376637653733653533643231396466393633373764623633343662663532396562353465646132
33626132353936383632313663653936373466663731393334343236363632663761326433313732
38356635346664623938636137396133326230306430643932383335653162663864623266623033
65613637323161633262623462653633363432663066383237316562353365626361366237633832
38643264316639633035666162353764656430636537373065323630623534306564363465313165
66386163306532336336343137333035313961356236636230306165393530303533386338393565
64343038366533353061613538393965376563656434393539653734356332343932303038393536
32306338613563386530316531623639626438363835336330643762353237346137306632373565
34396630346437316163666462643433366561663535663332356664306635343530613463616365
62306631646565323930353361343638303163613263303634616365636566313238313935353262
66356636626236323135393035363661643330303666333333316437346439313333333835333461
39316662366232636361356130366436393635376238316338383233643136383563323933373131
61393365646233656132383639343862636236636333336139616264326665383433613233363631
66346534366131396361663166623264633033343637303461313861323261623863366636383439
66623066346237316235373638626238386333653038623566613331363966613736626237643335
61396336643863353466626431626130313830343731306538383136373635616365643263643964
66646139653261343437316461616264313337633061613563393766306531626131626138363439
33643163333730626339333835386538343332636433626632393431623837613635386235653961
64346461343630646233396232313963326333653230663239383234643837616163356464656534
35316563616330653236616663336136393263353665666561666233353166343765363961323838
37363338633331376433613736363138303831356434303066663830383932646462316339643635
63333135343463366464383665393461306166643764323239386238343461306639333233393962
34663164306237646432353663666666663262326662623533303234326339643334616433333565
38666465626533623562356264373230383366383061646634383932613963343131623235346163
31306233343566626635633766366433306330656331363636666337623163356634303634356639
37303037646162376563613862376361393532623137636538353931353664646431383734623632
63333137383565306665393939623832663539353033303837316366306434346165366366373236
65373531373930646430326363623233636565633638326639363337636230343963623037356239
66346636643838656166623839376436656135613163393530613865373563306233386335636137
30633962646666396233623631363238313736313533333639336261343039343735353531306663
38653138326238326164343864343663613763366536353736333436376463663530646162383236
62613264613234333230623561303435373132633164326337336539333335653762353764643730
36313362653561303339366634643066643838346366383563333337623165363931373166346265
62333338383630653631346430643338333635333761613962636233336264363335383666333866
62326133653661366237356164343535353239626132346161346430313463363066346164373830
33303663313239633931376237316566393233393462653666663235326630313964353431653466
62383036636634353765346236303632623638323830303139303035346331323465633064363863
35643933396136383737346162306634353364646365373038393766656565653461326463663732
65306136316535396534653436356663373866666432666235626364646264356337353264626265
36623163666262386361653235386366343731616131376361663166633636643965656232396365
64376264333839313535616631363964643534353839353535653962643439656537303830306139
31663131313264333037393739373465333830356634373862646136643061663666656338303363
33643964313566383530653566353336386432616332633563336466333061656531623539656430
34656365633361396132333338306161373638366161643731306534346331303062383631626631
33626630666237376435663866633136646237646662633031366638393038333131343533396362
32643664633863376634356338373031343861383361626566343363646566373466366136386330
32633335306531353637306632623430626162366331343765316362623532663035376339633532
34633130666363666536323033373666353436646431643535316232643034353633626661636263
36613366303231666361653565343966663436356563613730616163376232363136333565353465
62613036313866373462373265336530393462303261383438303962366163383238333035383766
36393966306534653434373466363763313434386237363837386338366431646565656365356465
37363133323636353139383036373033343366333537376165313138643863383434343565623638
64333838393431646133373731303161613232313634346136376334333865376265306532613462
35313466643363313663653961343061613137666537326438653964656565353335613163666431
64383631653037666365633731303632316434666434653565396233333236633333393238656435
62636665643734303762653064666334633965653935386562336562366437646434396534356363
35366438666138336138323634336532653335666661636466313930343139363535653939333632
38343763333034396162633061393233383738623664643064346364323137616565366535386333
37376138653431643635363534613561666338393664626635373137643763393166663930643538
61333065616439623834646339613563333832613531623462343234623861663764376134373832
63303366656538386137643935613032333965386562646563643333346565313934636632646332
30313230383533666638323963663435303730623261633931376336313433616230343336326433
31353165646536313531353537343838646639306539303632653430313137636338646465313831
66663163333535633964633230326161306135376437613930623337623363303365353831313935
32383765623133616131323434363939316135663261653563633362653931323539626563333630
38346631663565313137613062306661656230316432646363313562363230616632333166383732
32336265363531333934346666613962393134303736633939363366303532646537363138316366
36646534626439316134356234333133383264666332323934313964373832333130636236643336
66353633336463383266353337383636306439386331313035336337336135663965613766363734
61343035383266666231386335653836316664663761316537643334333235653834633266386264
63306562613333336461663931343134633637643736343631613330656164616566363935373335
66633535313536353266346131626430393862656535313138316235383161303461343736393835
37356236363763366334306438646131666138633936393961386330633734353035616638366437
66666139633939346437663339613932613561653036626634393332386531363964343231633665
61626333313031313136356434623466393165336637313566353934633062616363646234363865
63353038353638393365393938373565386439636562373062643530326430303635363930333266
31316638356166303262373235373931353638386362343266313739333033656536623939363664
66646162663865363232336132326630303565653330343063343932306663633366386136393334
61316638333066383536646265393639666337323736353561383735336532313761393566356532
38366262353830356535383833313334346534313331303661616630383036306265393964636433
66666265353637623937333336653531643865343731663339636537613166616239303537303837
66333464663931393762656265356332626161623132306636353664333364643131343633303065
65373737313637353930633263316137646265366530653963366432366262393539376533303264
64646635303837373362653230303963326436393837636434653930633330396364666331623030
66336563313837626633626337616663653162333138666562326666616462646637303433333932
34303064343637313030353036636663663131343235346431646339653231383734616266653562
33393438366537666263623765383839626138616635646464353131343962343538333437393730
39626263636265386336366163616138356336626461316366663730373062323932373132386461
66346562333232303435323231613938396463643762623865386132626166343266393532653761
33373662636664633931303534663435633439343361386630363263343437613861396431323633
34623363623835656366353164373966363431396633343331366266663235373832303339306230
65626365333538316233323635626334333435336462323438636630623233383761613834373130
33656464623961666232343032303563613032333965663633303631643361336231653436633939
66633563353765396432333633333236323737623434623631366564626131303166383565656631
34393931636635396562373264393030643734333562323237396264383739353563626635313239
65623534636233313336303766396431333932376463636531356163383332303930326162616561
61613363326364653537626133323164336237393435623165366364353862306136666232643265
33386532363035646337353562623735313030333964396339376430386635636565303864393533
34363231643864393837663338336662343966663932383030663839666534663665363835353565
37643166323135313964626135383332393262643937363738316234633038313231613931636130
39393731653038616665313866613466373862373533353635313239376464363066383164666338
36386332626137353565363031373563333661643736383032353839313833613562643133363866
35323063373433653361313262663333623333386466616534353831633037383264663030396536
62643664366332366566636139383766653038303331323265313337313763643864383765376563
66323939383635663765623031363061613631333037326533336532373032373638663137613861
34623666313331323265613163323166613361616136623738366434653963373331303762366636
33663666663233326265393732343438613636646262356537393533636138333231663536376134
32626239326661396661626166326634626133363033396261383635343936326338313630613936
61363932333134613230303964313132353438653963643731613132393237626434343033643534
31643165396265656163636436626431373664353536376264376466373137313566303363376430
31376430633939613366653736356663313265363763393139346632626634646335653332373534
36306136303662613362386538353936303836366231353431653838383335633138633063393735
31643436313761613265386461303865653238613061356561333661353765333963653931343065
32666139633262613237653839646365343334333439373464363064373336333965376462393031
32323666336365313361613965333833636132333237353061653832616535663734346439303035
38356162386664336530393338363334656463613366346566653061326237306433396233663666
31336466376134653864613538336265353864653837323039353934653630323833323462653331
33653630383265613231313362393832386433316338326666633334656561653166396465623166
64323835323063646566393664346261376230346166343139333265326564626635643730333439
34643230626335336638623362336638326361343562303565316664643835663862306561363663
32383534366362383638373839653438393965303333663332396431396666373563383434396661
32623034373164346531333537643436616335643666376661303466313134373137303262353431
38633561643363383666373138386635656338616537613435363933366462306632646364633631
32346165313762353934326661616164326432643631346266323432353061353138333532363534
65316363393966643262326439633432383835653636386432626137633761313136343037623033
37383366336639383030363034376132633537323539373063623266346231653936376263393264
37373336666637313866656566323961306536626137646161613732326533383733323833616633
31643134343961313366363065323164366133653838333037343463386230626666316530663061
61626166363537363533316231616234366566633863613536366464626664393630343234383662
65353638653462616562626632343862623535626635613334303331353634656131646430653133
38653138666136626136363761623236643863356161383466376136626631313630323738653836
35393638616335393735633362353438373232313634346334626462346437316237303862313566
38353131643630373464363463633033633630633663613731316330616432313262326136386530
32633566316131663233343262333866376133313866653236363033633764653333656165636533
39613566616263376633623465656536373535366661306139666133303066393834616539313361
33613930333665303633626630363931356563363863343363333238643661313462316263663766
31346235356133643838343232313530346662323232326331353566643034643630366437663832
39633061373032333362346264626238333639306434633232626330336539383637656537323130
34363535313939636565303538336632366532636532366134323965396661323536326163666233
34373738646366386431343161313535346635326238313835616238633238373561363337336230
66633536643561643339353936353838333661636633306666386237633362626237313132343665
35666330373961353539646564383161633164626666313063383737373032383630306464373931
34383836663532613036303538313439366131636163643464663135306534636335363831616436
36663432346236323235653735386436616533646130373031663931333136636239666238666262
63373436343465343463356133373133613763653638373831303965323761313133353333643361
30386138383232383362323233616434383461343562356663613831623438313764656639626138
62346536323631393133383965613862656539303931396433356263336430643232353063336166
62346530393033303766616164313565383963333265336639333366393832343431303433373932
30383935666266363734346661343730343363643364313234383235316535626465313137626235
31326462643164346438393933316531643465353035393865316164336234333535613439306536
62623836353539666161663366376338623963316261393439636539366238366231323263643162
30356139363564613633383631306662356364396535363862393731616564633333343734633136
65316137383739323262633539323766366638636637303664393538336235613066353430633161
61386136346234376239303866303466356330653839643661663834383334323330666433366134
31636138346437316532396531653132613739393939653632636335373833363537616532646362
32313032373163363231333765353038653737623934626236303261653239306266623839373163
34613765376132333030326131356235373366643030653633333666653931333332633062366539
61663735393362653061663134643237383333623663333730646236623530383762333664636564
62303535666465313736303063623633376463303266376133613230396435303833616139643931
66386264376131306135376665323863643233383235663361646464313431323838616537646263
38306436393630373134343336303365633663313235636366653837376164323064316536383365
31303161633266336331616163663933633136663230663236636664393833323361633765333462
32396533383339353964366465353136616234383161373830323965393137356537363261313831
36646234346137633265636162623130363630333666373163636463313865656234303335663666
34663032626635656664316230623137356134616163323433313435656531653663323137336163
31383938393636356536656336633231643938343833343166306339346434356264663930343462
39636131303465633539383033666563613563303135363935643437383636626139393431393036
34393234343531363962666636363431313533333465656234633266636534373331376339323330
66666539373362373237663264346566333538666461336539613466633034316536666566383864
38336130626437633462643830386639326632613436346336366662373836373832666233623436
35376166373034386439326133373866313462646666663932363438316662623031356538326230
36346537366236663835376464643166353538333731636563623535383231653863616264623239
61613263386636346433623136313163356365316333383864666537306162383435376461396333
33666232336433666364613135663364363631366566323165393462616262613261313839623232
32653664643064383537653761333833363063303962323965666538383661346639303464336234
39383161396439613435333063396635646639353539333564626661386663366465613864656133
62623063323664633363313332386336663365613033396464663331366362613438373239353133
30626538366166656439393333303138636232373264626439643930613838636637386137353733
32346632336566643634616131623863623666303036353732306139396431653535353332633866
35373134613431626136316661646537396162316530343236333965393931643033343562326232
37356539353633633163663864613563306133373838373065396166643764343735366165303732
32626632396564636264633062316535663633316636623337626261343738633039393637373135
65633665333663646439613238623039626564656439643933356337313539343165343461396563
35346531633336353863313362386638323134633436306663636264623536656437323836366161
61656235343463323833306632633230656339353866343234316465393633396663323264386164
31666438633331653664623164363835393639393430326230623933366239646235633036646333
33303935323062393362346433653261663930333938616561616435356565353962336137333739
65333734393263326663626532303739363637653630343239333837373831373738656635613561
35623936396364653066366461346564303632653965306463653032613734393666616230303637
62643562656639376663386665353465666461373330393164633930363364616163393764363864
61366433653161353866306230373665663033366433373132353430366163663662653535643664
66633338346133306436643161333664663062316163373836383261636333333439313562323334
39376230346561353132333762633437653139313730613164343436396261336661623863343163
39616238663766383431396634343331323534643064346561336366386239663464353565343131
61356166376635613535616638373532336331613331613232313932333530336662643535396131
39376130653033346265383332646132346163623230663239396236383162326538303662366464
39303830633437326666656533396332316533393765386235646530646332613439303134326635
61376639303762343537626637343233633137336433363731623830303362336662383364366231
39613130343465316232333762386530373039396136643633313465393865663332353863636661
37313938306337643964396330633366353131333463343338303033613137336435333831383839
65353033383938306630383037623339333336633066343564383565636238356239353462636164
61653064653262636336393937393430366136633632356437643231613037386165336538326531
62373532383136636237333337636138626638613633613863383434316461643437626564666566
35633638646430663863343831366262323838303135663638306265653333643061373830653931
31613065646334393365623261613137666230336138646639646439666563653032323033323139
65623233643736623339656465613339393239336339316161393762663961323261336635333733
66666331633065306335323335313631643038633630316531366461616237356238633265376463
37393363383330616536326462313339356134663339383038326433323566653937356463383032
30393264373765633136343363666636613937323266376264376337626466353435343836366337
66323636663831306535386538373638323730623765363731643230353733633834623763396261
31373530383633646563383838363235613336663965333835336337646561663930316430613430
32623537383966323961303339323139663732623236313933396239356337363031356234356635
63633339306230306539303063313433336465383534376139336366373132363631636134326365
61386166613836346430343961313363623564376338393766323466303930353762666230393365
66613036386665373539316434313138386564316665353863653339333938653432613839626630
30386331393332343537666239633332303534643638653836393435366138613964356430303835
62663439346636366139666332623839383865306431656539373764313237343332356434666239
64313734653133616432633833316234316466366165323662666133396437316336316133383762
33363930643036623031636264373634366339646366343766376465383936643733633561323734
65316534383765396535306633323332613632396137396538313436333664656532316665393630
35643835383065646466636636633666386363616332303065326365626234343034663832313164
63656562376136643564623263313735383633663034383539616564366337353037353832633665
38383361393233366234336130343630303666343364393433633432373436636438346234326534
32623733663938393038343865623031633364373262363663336663616565366238343436623637
35336533656435666637363563653039313031373531333664323566363230353465373765336566
38393734666163396163316436623339386434383535326562323939663138373435393361353938
33336434623839303031653863623861663730343230643963356437376265656466653362666566
36333134393433356564653461656238396438313064353563616436633137373936363463643166
39366232643536656535643266663736326430653964366465316664313935656437383938623363
30366161373463646637383136363732653361313534353063663230663262653733323663303739
37636434633436623634346531663832623534363537383139343463363065386666653932646632
31326133333765626438633939623265366534303136396639383932653531376261323537383136
63613263303834363239613535396430346564626633393430386233353930396236663430336439
64346366373434363231613532353236363365646133346132386364396663356362353130623461
61353064383237346564623165336433343234393362336438333238373736626438653837303235
62373030386631366537646261613637323130663535626530306564386131316262313064386631
62643464663661396636613062666137666661306335653361653063306161653532613635396535
31653361303964383062626361616230333664643735363232626531323039393430373164633536
37646139663762666634333861353134316630646666656237383865336539313331366464353134
31616561383763376465656339313038316339343966393032633534633065313465643738643065
61656231373837386665313866383261613235323566326636386536376263386663363066376531
33353461326434633562633633393438356165643663353037343631666661353736323439633665
65363264343239636339323437643739633261623332643232613836653832363634653835313736
39303139373663623439636266643765326362613164326334396666386561336431336463656361
66383763646263383432643663616234303263356135366135346235613637383334346130343938
63636233636330626665653834643934316464393039373430613234303539366665666261353566
35316263633933643030373133623863306631653538626132613665666132623663376566383534
63363737633765393038646436343362333866396466383633386131353865303262663836633736
35373362636135646136326133343261303866316235333330646133636538303833313639346534
38633966623463343634386530386536353836613238323637366363616133656362363333616561
33303135306264383033623232323963313835663335353461333538663830313536386532393864
63646161303538333539366662613561643164363965333638343763646134633963326563666562
37633733643030656230306363613937663839626639376630303133633439626564643739636636
39333739366631386130333436373766386561303335646464326134373663333836663261643939
37653639623539336533613935613432623062326265393239336631393862643838306131343163
34323730633434623261316562383236643765666636386462376436363932633839613933316236
61653062653635343964663337363030396136383534306338393839323931623034346237646438
33306138613633623738626364373633316131376561383532376338376434303261316262613965
37633533343639653937323239616361363337333037643138393333373531316436616339326666
39363339393166623934303138636164393264346639373831313836633336636538326637363230
65336332356363643263336466326638343163643631323362313533316661333965386230356662
66303761356363303733623038363139363838393530343337623863303232363161623135626231
31643730373163323230633237316637333830653965373464396563393363333962306238343465
61313862346565636636656636343762333561366336613966353435366331316631636661313531
33393365633632363363613065626639373037636364336231333535373131666136346530313664
38646434633964616431653636623261313764323162396465383966623161323735383039376134
35373935626430373534383539306663643539646438663237323165393630303031633339393933
36386530323563323130383338663962323038373961333765363533313464323362333864363132
39646365376639623766396339393265396437646662303934616638316338343134353934616565
61383231306365383364363363386466363164633333326562373930303136346631316365333862
37313263663230363837336266306439356230363064333965353063346335653237623931336664
66646334373036646437643132343761353838636461363564616533626135636531323366633637
35326466616138376664306437333130646366393836343738613035613335353965636265326530
33366438623938313532623438373330306239333934633338653062613263393665393265333932
34396264386236336231353336326539373333346539383432373330636431636334623263396463
64623735323962333064376261393939656636353666613435343838376262333635363333363038
38386262363739363463383465353463363534346131336561663030666438336634373464653965
65313436336633633964363631623365353064646661613732323733663138313164323761343131
32366261636362646130366166356639373430333263383261393830613964303031636562306361
66393564613333653133366365646262666263313564633738333732633663336538323434383039
37363132636462343732633561376138613034386665343431633938346162326537303438303463
64326538363331393131383364343136663438346136636632663133323931613332376636366331
30626666313135393035646264646631393739396364633136396165343036323465666263313763
33303863616238663137633763316661626133313163383036343136646566383935613865306463
35653734303238316335633731306339323039346234363038323430396333653030636338313135
33643538366539666266666363653830366265646361396264613766633839363432396266633133
35653633353361353834623830326334663262306530393063646362383431343366373735616562
35313833326566313830633830663336633766306436353164383635623836306266656334333433
39373164653232323837373734306132353438653166643038653161336632633036303562303138
65636234363662653363383264623539656135633766393930613139333032623436313164383233
30373831346265386438623732333432356537623936656631613836613538333033316439613163
35653866306663383032366661303063366430383862653337393335326537353063643164343834
66333665613065633934646437626131303138313565613961396362376335353430646631623238
39323965633862623364356430636634656166313935366165656434386237373863623232303230
31396564336435333332303333353963303637326465353935656164623865306261343236666632
65656561343363636638316132393237396363303838626237336333613163366233333834643566
36616637373562623931623730383862366338646331343138386363326532633034386439343233
63636161353637313065653437313061623966393136373063303964363262633131656565356237
61333863303935623737666631353231646632396432383532376562363731346532386635633562
64626132366331666530303931623337346166353034323763643965333262626432616238393633
37663532306432623265343536346436636138366132306234313530366566623539656463306439
64616539343437643961363161343230626331356564323032633835346431316232376134633336
34376139613265356165633539653032666636616564653963396230616461336633343463656439
61353266353332316564336635376233343638336263363866626366383866303564346466633264
65646362653635653335343264653439666562626362363562656130303138376234626234386331
38643333626261633261376130303635623930633263663765366630346538383735383262633036
63663236303132643634336531633439303066656632333536633830316431336235636462323731
33353666303539633339383734643039343639386462366366336165633133323539653330386136
38373730363735653565616639333632356665663838383163613934366235393262393339343236
37653965313561653164316132366462613831363030653039623735656230323766313537656635
30303062366335626633303139353732333031653363323361626164383937333230323935663139
32623236363862346363623935663630393533666661653961643638363736323231326334393334
36313236353333633934666666393166323337663834633634303961636439643238363661386665
30346539626433333339653563613265343066616364333230626531663637626537353937356633
38383365656131333537623334373830636532626435663931393462383465323366353462613232
63346139353066376137393237393837623638363461393237623832313939313335316262643762
35616463623534366231366363653831343765646339323034313636613136613330323438663763
39303161626139353563343632653535616633396362363030393161313232623039373765346336
35363432303530623736326634376232323665383836646231303238643837663838663839663033
64663936616164303933373933666434626530393439643536636665383533663735333764336430
33353835633937646232323565663464633039383438613839663338643661663635383932663333
35326639363636376532616164653262373338656661346439613439646261313666393836643433
66376432623133373032363737323062383539343238623938643461623430613765653532393037
35646561656630633261366561316634623466396139616366343164323935643262353335316466
33383162616365386430666164633163333230336463643833643762323365326335336635636436
34646637326139333037373030333730316533333766633064383533313362303965346336306466
38393934663266346537306537343061316139313833633561383866633937303736386237383963
38373630376231366138336231643632386239323764343234336430323861326266656162363262
63316430363233303338363535663932333363306161343837363630316135633834356361633137
35373165616334623965326435393039616539316635303764386661383530393363626561613261
63333133313161343231383165653930346666373063353032393064326161366561623463323362
62373337613161393930313636326533346666366639323666376236666337663765613337373263
38356262343236663934643863376564353062353734333730666436386637333237343039343533
35653462633031316533633561336239383639653432373365323536353838636138386638613530
65316430316539643737386466623962663465666436616138346365666638613436396138313132
34663966373266303363363337653866666465346137346566313766333633623866643830623238
61623731343830393031373735666133636462353966643933313132376535323338396264363965
32663961656239366639653238666661346632383532373663366433316163613666393337353163
31386239663232613132363333666631333561303938313564373038663562333562363832396361
62643139383237326637396566343734663066643932316232633731633562663139383536356262
33623764366135653763636239663164653535316431303362356261663039333438313561353930
33373165646464346636336665663937613962336561386464353136653566363736313961393665
38363233336631643737643863346334616561333134373362373363656235366461316163366336
62336566653639316535356362303838396335666134393530643830393137646535346539393162
30393635633562333332663337653930303731613561663865346432356135333565356530623833
62666230623361323639386466633333383264323062356365336531613035623939636165383239
62356635393833653437333139643230323833613766376435326334363432656236633935393632
31393135393861663231313865393534346432313030396163663636663664666365316130363037
33343737646636353364666665313133636633316338656664643332323839333536636433393138
66323465626630393261343835373937383131613238363639366664383232386262353962336339
61333631396630323362356566633735313830353834613865356634613034393334383466633964
33376431333364376238303339653437623739333665613530376663313166643234633364643839
37343637366133646139633337653534383635646234663531326131643433323033623265376539
65313831373539643237636362646432363764323138373765623966366431303936616131336436
32666537616434306263616634646234613536643362373362383632666339323864656535656639
63653761633930383337343365643066643061363865626237623764653330383830393032666138
39386565663261316263646535626336393339383735656663396438306138663563343534383063
64376434343736383931326561303732656166363561343634373838356333303734303239366561
32366564343165613330626236343332643837646131363233633539623133646632343732616464
61383530303234623966336239396435653462306635663864363865313963336432326666363237
35393965306531313830363532663464643161616634373566646264303136643039386662376536
35643162366135643733316466353130396537663233303131633239346533326431623233666461
62376163336164656337633063623264306533613334383530353864336431383033373838643031
65303364346433323436303630666231646434356635613739313264653830646264363733326364
30643266623462633739393666666539313565633835663563646632326230616530393165313139
37316664306138336238303839363431366165643766356331323466633966633337373138626439
34663064353265346134633230646531383237343962396166333437633431346139646366646162
65656634363365386239326235393033356666363061313837343132383036343064323962643166
37643834313762316464363739653562653462663565653536623064313838323234363239396638
61313165313464636139646135313063633365653231316236396665626138383630636464636535
36326534393835353235623236303038326538326339313438356632636666653133363361306362
63366538333861393735353066613132376664643965616337376163626231303734323630626230
36313464343863313632323265383563323665306461303832616238323238336162656137616661
61326163656464386563333066633239373834643238643637316334386266393362383163343735
62323366666263303831393563663631623034653534353965646163373038623762386632303632
34323334326166613232613934333166303738366334373531616631646661623461373964346136
66333962313132333732323430626139316264393738366266303736326237333261363462306337
38343735323433653636373237343963353161393863616439616462643561376366363430653932
64643862643535646263646432376231316166386232323131663535366435663137386263326436
61346265653635326138393864366134316438633062306638666339303566353630663433393536
62653763373632363831666263376536313161373765353936313639326431386262363136663165
66323766366136656332663632373734643263313834653531656239376331663535333765616166
66623666353065643066303938336564303234393735303832383036323065613633623030366265
64306261613731656335646639633463396464396533636463306431373138636236386438613437
39343030396463336261306262303039306666336665353861346264343863346531613961646433
35613662336238326463313762636232623866643539313261353665376133646534376265616232
33333139336236666664333464376534323761643538323765393833626366663564323531633534
61373333346538393465653733653332646131363564656135663461626635326338333033663635
35666464613230646434313963366235336339363765313561333631373362626536613731626566
63616665613365616661643365393962306562383365323130623332663634656362396165396362
34396139306632616235376164323161353136363735346662626330323231656532623032663462
61616330303034313063306163333939386538663863353161383430393835396465383435333639
35356663663265633630393331323831623865333136393665636461376431343331613834653135
62396666653465383836373135376164373436353461353235363839663836383762653963393138
61303830303731393661386631623732396332396237633830346532343266623265326566316265
34336536636637306133343739333166383839613464313431643839636631616530333235396237
31343563356134316232623635356433376536376265636634363963343330623366643662396132
32616531666532373065633634313132396166646531613231353866646230643363323466373835
34313365386137336236616434353038303737343966363065356138643065656237666533383164
64393235336235333736646565613663633666366338666639306538366561303862613536613063
36313530323537396566613330303637323634326165363832383239353836626335333862333336
33323037323665376631343665666438343063626630386334633935663963666363363539623633
39623938316138346330363631346230356538366531333037643338653564626264336538363339
62316139316431656435326638643637323638306661366266356132323635663532316333366536
65383235303735303537633439363761303138333262333364386436353131666163333462346532
64623436633735343264383664346430323735323634356566376137376164386137313631646535
33623231613264346337643231656333623234663233666236646539666165396163376436663863
65626133376664356236326130666337366261653636353338653736336133393165396666623639
33396462396562636363623134616538663038643364363765646435623732306233303462386463
63663265356438376630376564366163343564623362353733663463343961303764386139396364
36373034646438363338653536646463383232333861626231656239653731313866363131656533
30353766393766643430356464663637646463363637303239383938353133386136623065316236
37343966653235353566656562366161316536643066376139303361663539306363353730383438
39626534316332343164636135393030363132653762306530313031396535666431333861383164
63383562376662333564336233393739656266653930333437313065373039313632386334303361
34393163653635333538313565383332316235393066353264323438633264356130633337326164
39636530343137616134663138663235366566363139633162343639396263356532303232326634
36313035336531643563633263343963353465653235656533623964653162666563323935623336
61633536313865313131623130313461663232333230643365336437623838646566623263633662
31333831333335656334633264333430386238663365303033656634316234353339613436353966
30383662376138363364396335643130326332363737633634666165373336666230616531336162
61656238306331303635366430326638653762623631313863383664343664663936363261623438
30393131636239623037393465323333393364613539376161353062663562636261383130366430
66326635616433376633666133653664333933346135666331633936356131373861333435613062
62333039636663383732636131636265656233373838303861313230303366306334386565363465
64326336626331633865303738323436376636626138653338326139383431666463653562656635
32323238366635303538323739663662656431383436373639346266363063376265353566366434
64303461666333386534353561376661363363383338356135336535366262663331383532343736
32633738343438656562353235346231346335313238616232636531383234613939333731616131
36313530303730383636323831306231373764333637303664623539653835326430666335653034
62653438643562633166393334316564653835323733343532653332373832336339613230333037
34316133646238336565316664333862626161653936633266363037366430386461366164646330
62313734316664333464303332363762323439616538313164346334343362383966646561663430
37373266646366623637393065343566633139656663383232323365383130653236613237343535
64623631633463613139306537373335663437393030333462323431396538633364306130666365
35383330666661366137633636363063356337373532633265353565643831396234643434386562
37653731666337373763353261653337633737386430383637373232356239383963336633396666
61326266323635353833646235613537383831373439326637313035303838643139666663346635
62313666643064376564333539666634663337303635333132316338306235346233363538356262
33383834653231373131633266663063303234653964353163393166313964623835366633636433
31323731366239663237363535303861353539376163323237643463303332653533396238326161
61643964653030326638643466636331656362396562383339616639333633323261336565356634
35313534363761626463653032663833333539376661373538646562323435366532383337323038
38373666613164626638356634376466303432396338656165626465643938326261643863373461
36623663636434383438353937303432656563653032343762353366346233633332396237396532
64376233623035393432383064613464646361363533356563383432396361623537313630656132
37643738623562616465316165313934346663346261383637626161366534643735643761363837
39386465316533323463383264306263663834303433633033376166633837643636383461303930
34323863333466323637643565366161366435353639393166336535346265663231643663366232
34363365663733323832633733626364636437633235633334386434623434373036333934316635
39653262323837663334633862343365316261646135333165623961396337316262666539323431
64306663623363316537666634646537356230373332663964343265623038616438313536613333
64613863386264336638653834656231386237656538336338313638303936633265353266393665
33363936313562613964323065343661363366643961306337363137376462613361376337636539
66656162613539323033663338353436306234383535343436333161663836333539343765653230
64353561326331313163633535623465396433343362333334613233393961343063393338633839
63356138333535613530636131343666633232396232326566663964636337323165333437656633
61306164393930383534346130626135343731653734623434663764653230303137636338313665
63646439393036303235393130323962646264613665616561303066353035393764383635306536
33353334633534323136656538633737353166306362643761643436383833353561356566633461
64366336616332343363346361353466656133613764643434623034666230376164356364663236
62643462656633653037303238313237303332383039626535613635313366633163323236663736
63383436623931623661663939616239643931353132316637653061633466613433653066643066
35346166663335316237363330373830666336616564633032346439333034393433666134613537
37383463613631373635383464613832343538666332663361643836303538343233366230313664
31393731356364353734633338663230356164376165303138313535323037373661333662366563
65643438613863333861643362623235646665666364613132313938613264323133613031376637
34636538393463393862306433373637376465653034653263333535396262643935616666316635
37663539643338613034663138383261366430373030313231396465393032373931666236306638
65393339613664316662656466376630323135346534616538323933613039353064323037636332
35626131316666323135616164303163663862623461346661383438313133393736306165326230
33383161323939353866653530326163633833656139326564386332396431663963336630386432
34326538313733636361303563363938333961643033653662353933363063366266623132343466
65343037346637373239613030633434343435376166306234623736373432376466663136626331
61396330323832626335636533373238353633616630333931353934633535336366383364376235
37313562333033353365643230636131346132653666326530383437343032306461373764323163
39313535323032633563656436393539336431313036373730336334626639383362613461386533
62646239393137303939666432656331366165303535343463303662353239663439616334666230
38313138653330303033356163323265336536363362393462393261643665623830613132393365
64613566303335303335383836363537633935376530643861303536636638373361623131653333
35396466363165313339313036333665626261303463306463633730336239613561323233373131
30373066613064623239663533366262363035366233333738366565386562393730353137313836
64393936336661626166306361333730636662363262393333303331663736313739666564303135
33386631653536656662323065626164613438323530353535326334613065623033396532636538
33376261613436616136666662303138306262616232313131366338316665663635333335646462
30353464303439303361653234623534373066323938616333633161396131316463313731396263
61343533316139396565613232323665303832616463653235323366656263333834306164333936
36323831383939636664373766393333383063613936616166396161366464393164663466353864
35333830333736613637623333326539303065303664353066373463316266663861326231343765
65323935353030623264393839663166356534303138633466643566373162663838376231393633
35623938303730643038383733346335376334333566306636336632316533613437663332346466
32333334386435633664656665616462363165613534396637626133323336636564396332386562
33376165363230323430643538343938613533306138613331376364363264356538643037343263
35316635623236656232663231376661303265643962306462373435653230356165646564323338
35323738326462373338613836306666303861386564346632626438336163623634623465613665
62613637363134396662663834326438393661373563666436306133613832346236656362393637
64303765363463373534393564666530626166393964643635373536356233643734326330663363
36626131613666356265613762306634643761613735333835636362633831376465396338346336
39393763323566666633373766666263363634336463643666373535336266393935396631366562
31336535343433306135
